0.11449393399370048
0.09877187899981385
0.12987687934646003
0.06582488148000612
0.09477955288875156
0.07154653835800294
0.0785173550279419
0.056113045840873496
0.08257462466158101
0.06584622311255267
0.06880040640310113
0.11146544868251167
0.08725862308000462
0.06399549383293246
0.0967726130756674
0.08415814356708771
0.11422306457621297
0.11403262174349729
0.0709837141474119
0.056223144533593235
0.045910002910481286
0.08127906493626759
0.04867985412785266
0.10909410035537843
0.06164273721285879
0.08722002643010116
0.047072100356561515
0.07826214588235843
0.038672356339853296
0.05847385137897174
0.12758511686294013
0.03185238378112852
0.09911228094290248
0.06814090904281979
0.14023868012698906
0.044686531903712925
0.05971071384908025
0.03744192354033214
0.06434849135745131
0.0346780147262789
0.08371345418292077
0.046111851407593274
0.10272115929408594
0.03975952546331816
0.13284187524671134
0.03275880517149133
0.08753292549732077
0.03699985207446398
0.07246322856931198
0.08763609177623141
0.09668707456320996
0.051448792651070545
0.10210836259530451
0.04686662188432199
0.07556295771399703
0.05892565753272427
0.08319786527957716
0.047000048096522376
0.09038611692848313
0.0435953989669745
0.0669817219354612
0.046642073300405824
0.0530436083353855
0.08325761859509795
0.030646284305827765
0.047468197900509115
0.0315763317718175
0.0907761636468289
0.06438710592326123
0.058761802796707355
0.02732423399458212
0.04556973969071319
0.05044811375451621
0.024772588157895892
0.04107260349533632
0.0319378898363275
0.030716966186866316
0.03565676836102848
0.02469150972460458
0.07749477558639295
0.04278253961835544
0.022039044633658834
0.07202143986783438
0.019068564731440273
0.05411045989883865
0.029260085008934
0.0448396514046824
0.018155286788045757
0.02901922735053107
0.03941729076822558
0.03526825728283671
0.04717565056239394
0.02995482038235864
0.01919432946605385
0.02544367871628058
0.016246692617823338
0.06056228375773465
0.024683263756427563
0.015563986669337549
0.018593090699259938
0.03672187024254469
0.02834917397996017
0.04075197650017117
0.03627378901617009
0.04522014552778016
0.036809816109142184
0.01930380596044658
0.014980622746529363
0.030242980923660595
0.013353805954117861
0.024824041367710773
0.017121508347433024
0.025824376496439906
0.02518393302419603
0.028393415807338403
0.021229919854942974
0.050334224215435874
0.020216142532201303
0.021641874041728012
0.032532127348139726
0.019836588988591145
0.014684250650184874
0.0218270796584418
0.018187730256492906
0.017255759528779245
0.04070538690044634
0.02862839857283947
0.025152068840011862
0.016416340380161674
0.022931488405170296
0.021770774000161638
0.01693490222925229
0.03194635246451563
0.023817066758154305
0.042205156108817136
0.013499334851517485
0.03178513105357214
0.023239264773376966
0.03390533665900404
0.02796915940798689
0.022029148960107693
0.025966924151462758
0.01063554501329574
0.015667732377198474
0.032328623479026215
0.04961690595589925
0.018011189346823324
0.021626103581567416
0.03328785217308749
0.03033822800522154
0.06504376294197774
0.010622852943182503
0.015672554928064297
0.027968902761802812
0.009993611782160808
0.018821372934128243
0.09112408718551047
0.030935542645215412
0.011515285739069778
0.031623908608642906
0.011957507238818074
0.015806782516502763
0.014332395822843281
0.019426484130566767
0.03295092040064514
0.008289941502604365
0.012023547391788429
0.026265209016315804
0.012350669999505652
0.027519440732786175
0.028412798409524664
0.02997660758016373
0.012534247266570809
0.020677500894042973
0.008162844649337288
0.01146963313081557
0.023948867962984368
0.01755904848863951
0.014371153333848197
0.028923628343264243
0.014665966740787273
0.01225838633657331
0.007621176176250956
0.017679353166029844
0.009448564871495984
0.021548781750706056
