0.48053275899457265
0.07621999003174898
0.10699740935788006
0.05013903279732359
0.10196276702550384
0.02991023567768642
0.09771525454864906
0.043735039367090334
0.06565391728694454
0.0589096631689893
0.059928468150954796
0.05221711275455953
0.04546021685735776
0.0970579540489835
0.07838914806416267
0.08542346003027915
0.07993032122687885
0.08885178841687102
0.0449659102937749
0.07363687965628758
0.052456416339062305
0.054988506726725755
0.06590432877763473
0.0563859336352115
0.05800841119642924
0.06312108078801316
0.04166946124224539
0.07380097291648646
0.075628716072084
0.05336921401366385
0.06486998225450044
0.04374324794942342
0.0654297312267219
0.05831838648283703
0.07248982581785379
0.057233450990084915
0.09175458041443312
0.061673683730173776
0.09614108813170728
0.07804429980590483
0.09105595409928653
0.09053626369014121
0.0634321658585476
0.06553420002769253
0.04246886109660779
0.07972905600277232
0.04453700100079687
0.056526674188383
0.08285996460503088
0.047278484199091024
0.04919976935789961
0.045344540522047304
0.07052455516732876
0.0655588426712213
0.052066819044781526
0.07794128278404026
0.05701475511119954
0.08169303857353621
0.0694860873334481
0.04878211472128557
0.060130661114323136
0.04859369885013542
0.09212525762495716
0.04755746482039978
0.08292291747210982
0.069384853118667
0.07536570099118997
0.07094537263580941
0.05432629251984139
0.06407692973739551
0.06701640553627083
0.05676680022663788
0.05651743307484244
0.0675884143648467
0.04725352042829531
0.04515496088691082
0.07299437445230099
0.044848989978657446
0.06390796978529144
0.045190571004800784
0.06359257494644811
0.05601816123935086
0.042022585038205426
0.034839631547734486
0.08570451207322878
0.05993670139721902
0.09309501066111953
0.059378036869564735
0.04238042524839396
0.0432798795734474
0.05548456987411803
0.06801773921352097
0.06679959477082935
0.07276618089213384
0.09531185995260151
0.06575612405813319
0.06769688391461152
0.09551606309967385
0.06192182253329059
0.06529052032495133
0.04755394089909516
0.043254518126577976
0.0870352484616478
0.046045387665080394
0.06034400367970899
0.06352921902967569
0.06467182994070933
0.04600902640768268
0.04774668801600924
0.04662988895588155
0.07751648135488334
0.06615397790453258
0.06262658750133104
0.07748779213548673
0.05317818779568855
0.053073914767947
0.059817649532631634
0.061065288307148004
0.058330226231982404
0.05274705699320388
0.06159770459813182
0.058045624035891884
0.05755620157679949
0.043358282921404034
0.048048526759465124
0.06153223560053011
0.03878145472983689
0.06344500678415882
0.05073538961167174
0.054380293400734143
0.07981627341743595
0.05351858294268407
0.04230722581129378
0.05516281571096131
0.06139662324633749
0.06633604720805866
0.04118205714814367
0.09302394751509663
0.04796109967411538
0.060986998821908375
0.04246520203597317
0.060744104632817424
0.04192398459879456
0.06437629223391328
0.036448239238858274
0.06689660745007496
0.10746880125743793
0.06619204997628392
0.04619386481358432
0.06382921520799796
0.055400269244225225
0.08715504080851473
0.05157716365634888
0.07257923506463898
0.042935650525829816
0.06876114776712887
0.06764904660859351
0.05741756320121381
0.059450117425844294
0.03917962595612729
0.06677022983756385
0.05766130685774392
0.0622990385835957
0.06313453300813221
0.043717193161972985
0.05266443895697735
0.06825516467328077
0.06125406495741309
0.05863137628397287
0.07515153301335134
0.04982551653857346
0.054206045494452904
0.060562674664548385
0.05755426770949021
0.04903835919856694
0.05513486134582628
0.04245837889100151
0.06444430805894348
0.06585318242608854
0.05139730237159328
0.046481844813016863
0.03082603672203415
0.038794995605107206
0.06299188150731175
0.028875675251753143
0.08329644307287558
0.02784183389890999
0.061672016893627134
0.05039192378861017
0.06397593594806422
0.037248338513178395
0.05716230202167823
0.055797821432307264
0.049541115433486355
0.06257563436325478
0.06916966630978685
0.04096966423863353
0.08032190785012651
0.07672779915610113
0.03392897274603487
0.06091575846309668
0.0680002102636399
0.05831277839460548
0.06624072309295193
0.06888472579154441
0.06882227804267647
0.07372944236382609
0.04307146559982267
0.03860111382399723
0.04115899942478065
0.0550063499107788
0.045538198166666495
0.04487219075719396
0.07299716203290954
0.042026595465770325
0.051899963091913526
0.04268894355323534
0.03495285012733238
0.037950488702749766
0.027999003770945278
0.05397778148512347
0.04482518349923446
0.05790813295899026
0.06924299519703103
0.07065071044218167
0.03816088239822128
0.055669955818683704
0.04586036901290858
0.03556171375504088
0.047607445673721875
0.028342989104559936
0.044506263096716056
0.04019923356153336
0.0464996688753203
0.06475002394705644
0.04891906529791107
0.048627617429362086
0.03544528592957517
0.06162556604167693
0.04307653911220045
0.04296999043862882
0.058258350522270866
0.050740856207044084
0.0459036249851743
0.04082861714949857
0.0635221218649732
0.06227732364466996
0.038324939483924646
0.052416517261243564
0.044322889310200286
0.031982508528720935
0.04196775109781548
0.08553659920057394
0.040692428190388166
0.049767470832949356
0.042683195497007095
0.03332426581872391
0.04703463877515117
0.04244812888190374
0.04732775036830403
0.03696321966251787
0.05947722350819946
0.07053342641222515
0.06385083458699804
0.03362341015897072
0.048516076548368564
0.04131134389585223
0.06492616237781117
0.05853244539502674
0.05335690918503349
0.0446648039102169
0.047644004794833515
0.05242292787126053
0.05067575720062043
0.05140650474466301
0.02698917830319769
0.04859105994757882
0.05668417035457896
0.03435624665499172
0.0589511056226829
0.05596530313095098
0.04215918793793076
0.05283979241005856
0.04079204764889606
0.08274628541557741
0.04819981614684425
0.043309058214355156
0.04262485493575508
0.05645643392006559
0.055459179233582095
0.02722678602142419
0.04095513665669084
0.08043400383958677
0.021904261119391935
0.05000196245129156
0.03953266504557279
0.026903022082467306
0.04546602193395703
0.06806801104191
0.07173364315712369
0.048697789910132745
0.06179142406310232
0.061610341408012845
0.05052855855085836
0.0468018960653394
0.045099114025530775
0.04391849847667404
0.06849359596506845
0.08623829245416798
0.0711684671641404
0.04704355172361198
0.043541700259911546
0.03156619981674449
0.03868744640170958
0.0642443895835755
0.06361174356514779
0.04651774798117729
0.06438895581503676
0.03501284276418724
0.09117894845847262
0.06974868894877885
0.07189510913059738
0.0699600526005889
0.11548785430564089
0.06330886910817432
0.03825604759681068
0.031641469472480505
0.04119064744909338
0.05388292951171161
0.07038247956254746
0.043847662828779145
0.039143028165221735
0.05290468907086745
0.04556975063390052
0.06359152000714123
0.05490966861132714
0.05614249917415397
0.03871168261295378
0.05519558960448951
0.040317832880072096
0.04166791488651642
0.04673017487498184
0.0404376966660424
0.07869992487800902
0.03796188913364762
0.04722338250316457
0.046743046192008794
0.05161837528404458
0.07725168350206411
0.03411711541585225
0.04342024194923731
0.03365949345038365
0.05375432357373507
0.0393385546665028
0.076278825593736
0.0638574957632005
0.05937467681612224
0.03072926817733925
0.07405227184755113
0.03250936185465548
0.03701275010635493
0.03341513065968067
0.0687089038006407
0.06189562990534513
0.036815005773997274
0.0622009594232078
0.03800966032755337
0.047305873337455895
0.03570295304065873
0.03738844191190746
0.03740782731215416
0.0675599241692333
0.05433529000709614
0.053555373212660864
0.04346966669055275
0.06117125190569511
0.0333040902732543
0.05432414311931807
0.034730333788289824
0.04193901740077866
0.0438903459836375
0.05166514033454376
0.07465559598964566
0.07158365474218231
0.04653794449536797
0.03574117611697657
0.05163738877800787
0.061807266003389316
0.05919191809675515
0.033714612929682135
0.028128789596616112
0.048234367433341425
0.03308771609249678
0.039328167673999846
0.07557664009373388
0.042320741881749474
0.04342336394913107
0.03459198198918813
0.056224120109794516
0.053831219135296655
0.03005716219308063
0.032622855326327124
0.05169266668419547
0.04566506760477989
0.028901687623345277
0.043873253295162104
0.05516048648539872
0.029062691736396192
0.04540420800267271
0.043121216305595754
0.03882635801749112
0.10136121428526736
0.0632077660151336
0.06019625992748636
0.07743702087334405
0.04587303521891604
0.06224892897091152
0.090737462847136
0.04502865125462711
0.055095062060933266
0.05246935673127422
0.036269600824728535
0.0602181014716426
0.051314353914533435
0.05118770454313171
0.023372998517175766
0.03527061520332016
0.0950338384708128
0.04927425972729881
0.024345579480379808
0.03269032501530877
0.06455106341141359
0.05186962484375583
0.07423625203661686
0.06995064484798717
0.06508626159411678
0.04769293348803121
0.052682598464948695
0.037900773440974866
0.04622802611046599
0.06266617380078632
0.03299145577846989
0.04060356470502042
0.06538416540098205
0.0592102315440454
0.03333818531969185
0.06203338519474599
0.08280063871477843
0.03303739989574605
0.07165187739823609
0.040765256831938
0.07222001191718305
0.03409027030649427
0.054290760271575596
0.0410387893820402
0.05077607809977803
0.04870912647395521
0.04724214512639508
0.056674356117998356
0.03362830334845546
0.061831464766607655
0.05456070323829394
0.020860805838591342
0.07001507160332279
0.0749347169249741
0.07649066434094386
0.04258568090337309
0.050239866754328504
0.06200392790241212
0.04697961082503574
0.04207559889016979
0.05577868963319168
0.06777856218539377
0.04090620183506751
0.06828816846249146
0.04701334512366497
0.0367996174108357
0.04679520109385048
0.04084323565859056
0.036227195932358444
0.040025084404035925
0.079930809953791
0.0414683745537261
0.04823182641896713
0.06400845886772079
0.0349506343834086
0.05428748720485492
0.033279655305482485
0.03554637851967437
0.052158006800998365
0.09898126139660243
0.10025541132298688
0.053598037853175844
0.027640503128934672
0.06432838032856533
0.05087815243024359
0.04766311444734354
0.06360206152516791
0.03878175239744052
0.029315934702341503
0.04473399226332225
0.049471852492824916
0.04164608575647471
0.05400095494509371
0.04919101832373636
0.06014249590853453
0.04574586611677152
0.06196967465249135
0.027486670230889895
0.048186808966514116
0.04536252577040058
0.04367410551016943
0.04557404507158013
0.04423760015866141
0.04453748962791397
0.0812128842014023
0.03622157682432713
0.04846044954686094
0.05722719777782363
0.07663185638534979
0.07030941246107413
0.07029735958906501
0.0606838831345107
0.04343547571945584
0.025824817000303278
0.045969529130094576
0.04329750615958774
0.06103671945801401
0.06109063580178331
0.057658318884731545
0.03932163045596142
0.0680373400880019
0.0416106848364641
0.05736290874771046
0.02679288593112574
0.03261655185574745
0.04216763949025944
0.05570285247549135
0.047310807743632666
0.04783048673313046
0.04150565599837421
0.03470893904401132
0.058478950150585664
0.05146441600283769
0.07831483554793116
0.05517267603429802
0.03911094219360815
0.07067924944613903
0.06212524471232878
0.06219371669343542
0.054975161595950964
0.06329292073763014
0.04724217328591358
0.045003190216475655
0.06595700777244319
0.0581097947703347
0.07631981380704167
0.04621211838051
0.0710158336765865
0.034524544025091176
0.055434216334534936
0.024014073987849688
0.0536757207858323
0.03908322630882723
0.07133869213465419
0.09457107965378472
0.039637195107202344
0.03703441275528773
0.03713732578954775
0.05080167249488296
0.06083281197270991
0.034196419174939145
0.05340098006257995
0.07834095581225697
0.047298410037833485
0.043611960200768074
0.05036940789946669
0.036151297580664425
0.06883387531889824
0.036048237915550986
0.04664662119944441
0.041246553920557386
0.04746376936119625
0.022617819151949763
0.06312153252127435
0.04787872651032087
0.034029054278225654
0.036733327897326105
0.051299145281983656
0.058186966196684786
0.05383560881784324
0.05555611366605491
0.04533320248960851
0.07213024097221818
0.04249443369938045
0.06469196563910677
0.024014853731899627
0.05768404050620651
0.06330282326312299
0.038945968628064834
0.055705882071130496
0.04188138558887072
0.034824995186388784
0.04250847977452296
0.0442079184634141
0.06734654823603824
0.054850002429071634
0.02781102443042396
0.07403514977809472
0.054030329536000184
0.05900703675252032
0.021734523087046285
0.032816334709777614
0.02705187596846318
0.06379888061469179
0.049444799044236036
0.05612127443207352
0.04867217678508854
0.034653985847011425
0.03152376744184826
0.04672856561848921
0.029602535039033723
0.04954307280231474
0.08075172053266617
0.05080559189648359
0.08075649269373213
0.0795374684244606
0.050697169316838486
0.031213851812934998
0.04596423879215936
0.043893460964619144
0.040347754352911595
0.04464519840283085
0.04685095350520962
0.04930063120434242
0.034319284753150145
0.04026794501582298
0.03839735438873932
0.03998050498094424
0.031543660036409286
0.025404805002140523
0.02542694008372537
0.04669898101960035
0.027260335624076395
0.017777919510532165
0.035037549279887524
0.0439776732537151
0.06486446365397948
0.0465992516408398
0.026376521360658416
0.06665526590932631
0.054377896049349506
0.021866199406298904
0.04927033463390509
0.024670561627430036
0.027297928382139448
0.05137939150340352
0.04706878782133646
0.02377831216303459
0.04598376239638068
0.05521739349672777
0.03790121595618126
0.06445855147784654
0.0367943305396166
0.02256084848803698
0.04506329044908902
0.05151491623915579
0.019427840293184822
0.019013937930461796
0.03123254361382586
0.037052544882213836
0.04025474917094589
0.054833523102597814
0.03941969553294827
0.05691885126142992
0.07394098092862712
0.04646629809799379
0.055817129959064474
0.04097898601139418
0.039656428775747085
0.06464452407782056
0.03895314476237159
0.03414672926078238
0.050460599375895254
0.09148678919149544
0.04178238972275411
0.05724466766014971
0.08549541867840389
0.04506741055458541
0.04386848626827468
0.028313267564535206
0.0520757941955732
0.045808371870138906
0.03474558129585651
0.02915196333645119
0.05125411147418476
0.04952465527662
0.038895720260157265
0.051570815748539826
0.044422841515063295
0.06633944434787993
0.025598400890019007
0.06628656974788964
0.03662714318733155
0.04589426915634406
0.058716241089476345
0.044555603222226264
0.04450071181596575
0.035272065800054264
0.0496166713242384
0.04638260547517151
0.02810059431018974
0.04844413759680224
0.016134481561968405
0.033063385148608015
0.047875761575019576
0.05928619287590355
0.0448643811421709
0.030969960607862584
0.016857021882486084
0.04709834229801747
0.037056950232024106
0.05245505024479681
0.03850509537489341
0.026718125971231518
0.028404338434373327
0.06339627362535054
0.03748865172161778
0.04026601491145046
0.034647823422539255
0.04999586848631197
0.05424860766259042
0.04495092257865603
0.04596465847179921
0.052606666475649606
0.043644156549860556
0.0544849730991503
0.03416560977531378
0.040910798535006565
0.048520686492385924
0.03908796275044835
0.05933710074789161
0.04478303964449879
0.034314905726889784
0.0220580325347664
0.07733958782407054
0.028336780087603628
0.04169805638579481
0.036883563968660237
0.04841985228811196
0.04491989386803765
0.03937926703279163
0.04484381506341594
0.030517538280714206
0.02619500651738153
0.03764438319875213
0.0647497666438117
0.031472316721327255
0.04241594668478497
0.01963011740856104
0.0352008999848504
0.07301683016961837
0.049232548680741325
0.030865007359484376
0.05158573935069451
0.0473445024032384
0.06639984072126394
0.04793256848475801
0.05446886488506674
0.03647344981774944
0.05231152654685996
0.06510218507140726
0.017109815375506224
0.03700163949120716
0.05086294373211282
0.05545994543457263
0.036208938193563835
0.04931931698791578
0.022748774930123446
0.0515423647228248
0.0794838916437298
0.06832294979182034
0.03099771538454464
0.03925154038067624
0.037879370952006684
0.07112477224667622
0.06053885753138662
0.03667910116569233
0.04942756381907559
0.03629647753014526
0.03144655532456154
0.029668110144582954
0.03507691258783815
0.03954042898568397
0.036999958632326295
0.03587862071214521
0.059384377927040474
0.07026693530868348
0.02096922683801489
0.046450633968571985
0.04999384997740326
0.03819984584282927
0.05834903823694852
0.04992876265765562
0.05294582743031187
0.04810202255659261
0.03636400554228316
0.04081707524028808
0.032796264476231275
0.029589450542911497
0.03787267053642853
0.04150216310569487
0.07858004495898406
0.07008275674817792
0.06815530559696589
0.06186763998487636
0.03625108010034241
0.037103357556712145
0.03702365137892714
0.0506534418402357
0.03446154421197969
0.03411027797847787
0.03823311652846575
0.04491199760919115
0.04760474225912177
0.020826109723399155
0.034970803332645434
0.049965836028860344
0.028921195092332243
0.0466390821304153
0.039078910699699494
0.029448172968653076
0.04312366967635354
0.03295152694979996
0.039228400263995995
0.01780526300085768
0.03507317300338093
0.029855739477748576
0.07577412699868022
0.05751571511196785
0.02661868694206641
0.03735710854106918
0.05188309325039113
0.05023664427938074
0.04960743734101924
0.044636451368976406
0.02993666472016252
0.05610337091384563
0.02560815340914837
0.027876133759579463
0.043053186683314364
0.03923982200138947
0.04894248658212515
0.025026566490961105
0.04026713820329027
0.04702526207292895
0.036147695912530024
0.06177589215544048
0.036285535722692136
0.04454043321923772
0.06359900132018934
0.06223733084504746
0.023523601063497494
0.04822176128327826
0.04116988539766179
0.04343795104929117
0.02095460134606978
0.05439621727774777
0.04019767969829842
0.05095326640543788
0.03736756968234956
0.032205043901662574
0.03393539993184533
0.025363384558027363
0.06685654757349913
0.04507544192174216
0.05107758656872516
0.041588269871337825
0.016547439126960422
0.03439306520937537
0.04548834329054797
0.061635196312125114
0.03571456336815356
0.031736889014591714
0.03236915588693246
0.04742784314363566
0.0292991006511054
0.03546926055567562
0.0607826600345568
0.021519553878059813
0.05730976551881649
0.035299174640337265
0.018876890984583207
0.03164565838412938
0.021325889767224576
0.07865551335840532
0.024520226020695205
0.04597530390831585
0.03244745505214008
0.04776310016334322
0.04336729796625061
0.05799030226433462
0.031769512419143914
0.04574857415366405
0.053827684764800765
0.03345673165653937
0.034756946039391154
0.06252506986362268
0.038998961884238924
0.02065655748251203
0.04275627539791171
0.044431050764676135
0.03374310992677372
0.01861233127354551
0.03355799742240597
0.0397391673596753
0.03664950093329182
0.021677978787426524
0.04614561403088205
0.061938278812989835
0.04186021621145962
0.040294384598724454
0.06181033029096806
0.0630920765314121
0.07100557030912434
0.03309692264515056
0.031822602579274314
0.030792476888555464
0.06158193920358307
0.04751528342157956
0.035757373909563295
0.015575928522575678
0.06243878194312326
0.052361556936865956
0.09445976002111386
0.06360046400634482
0.06482960575092331
0.016380922636776388
0.01750972073945603
0.05717193342122462
0.050780298885001025
0.05175138076711569
0.04340342742508286
0.04481088571177699
0.017818151738328004
0.03816298650685145
0.03509785634609738
0.030613605965066463
0.04386016077680941
0.04213207297183078
0.05244787207476392
0.02270545754519773
0.03550566725150193
0.0521646060709305
0.01323504474723016
0.07533679434009388
0.05884535888445843
0.044320443731983225
0.037178723828773096
0.040614876207639934
0.04013962935691834
0.0454841623546872
0.018017621286600182
0.054751116915305424
0.04462561401758724
0.01623108898597751
0.040049661775567326
0.015450989468768724
0.021592690648271632
0.0252959385613542
0.0697672115658489
0.05200486637297082
0.04308035901336898
0.04276663028790565
0.03856405945921462
0.03413189985421181
0.07817193609549024
0.02292893179659108
0.04008731312791744
0.046100970973572124
0.02414338454022282
0.03334647466401468
0.021453129400867462
0.05210519874692352
0.05504552270449729
0.0350201156624193
0.035816948160563904
0.0612052064987742
0.042925867391885586
0.04269389748521477
0.04159374458528771
0.04106057450270337
0.05842478422152782
0.03508912675874458
0.05983118468640034
0.03988557766218914
0.033142754894352165
0.0311175218420655
0.04183439209285334
0.05753742155212954
0.0455527590258213
